Rare Nodes in the design
N3038: 1  : 0.0
N3079: 0  : 0.0
_0000_: 1  : 0.0
N2829: 1  : 0.009765625
N1277: 1  : 0.02027027027027027
N1448: 0  : 0.020270270270270285
N3734: 1  : 0.06035205364626991
N2830: 1  : 0.08078231292517007
